5.000000000000000000e-01 1.499999999999999944e-01 2.999999999999999889e-02 2.999999999999999889e-02 2.999999999999999889e-02 2.000000000000000042e-02 2.999999999999999889e-02 2.999999999999999889e-02 2.999999999999999889e-02 1.499999999999999944e-01
1.499999999999999944e-01 5.000000000000000000e-01 1.499999999999999944e-01 2.999999999999999889e-02 2.999999999999999889e-02 2.999999999999999889e-02 2.000000000000000042e-02 2.999999999999999889e-02 2.999999999999999889e-02 2.999999999999999889e-02
2.999999999999999889e-02 1.499999999999999944e-01 5.000000000000000000e-01 1.499999999999999944e-01 2.999999999999999889e-02 2.999999999999999889e-02 2.999999999999999889e-02 2.000000000000000042e-02 2.999999999999999889e-02 2.999999999999999889e-02
2.999999999999999889e-02 2.999999999999999889e-02 1.499999999999999944e-01 5.000000000000000000e-01 1.499999999999999944e-01 2.999999999999999889e-02 2.999999999999999889e-02 2.999999999999999889e-02 2.000000000000000042e-02 2.999999999999999889e-02
2.999999999999999889e-02 2.999999999999999889e-02 2.999999999999999889e-02 1.499999999999999944e-01 5.000000000000000000e-01 1.499999999999999944e-01 2.999999999999999889e-02 2.999999999999999889e-02 2.999999999999999889e-02 2.000000000000000042e-02
2.000000000000000042e-02 2.999999999999999889e-02 2.999999999999999889e-02 2.999999999999999889e-02 1.499999999999999944e-01 5.000000000000000000e-01 1.499999999999999944e-01 2.999999999999999889e-02 2.999999999999999889e-02 2.999999999999999889e-02
2.999999999999999889e-02 2.000000000000000042e-02 2.999999999999999889e-02 2.999999999999999889e-02 2.999999999999999889e-02 1.499999999999999944e-01 5.000000000000000000e-01 1.499999999999999944e-01 2.999999999999999889e-02 2.999999999999999889e-02
2.999999999999999889e-02 2.999999999999999889e-02 2.000000000000000042e-02 2.999999999999999889e-02 2.999999999999999889e-02 2.999999999999999889e-02 1.499999999999999944e-01 5.000000000000000000e-01 1.499999999999999944e-01 2.999999999999999889e-02
2.999999999999999889e-02 2.999999999999999889e-02 2.999999999999999889e-02 2.000000000000000042e-02 2.999999999999999889e-02 2.999999999999999889e-02 2.999999999999999889e-02 1.499999999999999944e-01 5.000000000000000000e-01 1.499999999999999944e-01
1.499999999999999944e-01 2.999999999999999889e-02 2.999999999999999889e-02 2.999999999999999889e-02 2.000000000000000042e-02 2.999999999999999889e-02 2.999999999999999889e-02 2.999999999999999889e-02 1.499999999999999944e-01 5.000000000000000000e-01
5.000000000000000000e-01 1.499999999999999944e-01 2.999999999999999889e-02 2.999999999999999889e-02 2.999999999999999889e-02 2.000000000000000042e-02 2.999999999999999889e-02 2.999999999999999889e-02 2.999999999999999889e-02 1.499999999999999944e-01
1.499999999999999944e-01 5.000000000000000000e-01 1.499999999999999944e-01 2.999999999999999889e-02 2.999999999999999889e-02 2.999999999999999889e-02 2.000000000000000042e-02 2.999999999999999889e-02 2.999999999999999889e-02 2.999999999999999889e-02
2.999999999999999889e-02 1.499999999999999944e-01 5.000000000000000000e-01 1.499999999999999944e-01 2.999999999999999889e-02 2.999999999999999889e-02 2.999999999999999889e-02 2.000000000000000042e-02 2.999999999999999889e-02 2.999999999999999889e-02
2.999999999999999889e-02 2.999999999999999889e-02 1.499999999999999944e-01 5.000000000000000000e-01 1.499999999999999944e-01 2.999999999999999889e-02 2.999999999999999889e-02 2.999999999999999889e-02 2.000000000000000042e-02 2.999999999999999889e-02
2.999999999999999889e-02 2.999999999999999889e-02 2.999999999999999889e-02 1.499999999999999944e-01 5.000000000000000000e-01 1.499999999999999944e-01 2.999999999999999889e-02 2.999999999999999889e-02 2.999999999999999889e-02 2.000000000000000042e-02
2.000000000000000042e-02 2.999999999999999889e-02 2.999999999999999889e-02 2.999999999999999889e-02 1.499999999999999944e-01 5.000000000000000000e-01 1.499999999999999944e-01 2.999999999999999889e-02 2.999999999999999889e-02 2.999999999999999889e-02
2.999999999999999889e-02 2.000000000000000042e-02 2.999999999999999889e-02 2.999999999999999889e-02 2.999999999999999889e-02 1.499999999999999944e-01 5.000000000000000000e-01 1.499999999999999944e-01 2.999999999999999889e-02 2.999999999999999889e-02
2.999999999999999889e-02 2.999999999999999889e-02 2.000000000000000042e-02 2.999999999999999889e-02 2.999999999999999889e-02 2.999999999999999889e-02 1.499999999999999944e-01 5.000000000000000000e-01 1.499999999999999944e-01 2.999999999999999889e-02
2.999999999999999889e-02 2.999999999999999889e-02 2.999999999999999889e-02 2.000000000000000042e-02 2.999999999999999889e-02 2.999999999999999889e-02 2.999999999999999889e-02 1.499999999999999944e-01 5.000000000000000000e-01 1.499999999999999944e-01
1.499999999999999944e-01 2.999999999999999889e-02 2.999999999999999889e-02 2.999999999999999889e-02 2.000000000000000042e-02 2.999999999999999889e-02 2.999999999999999889e-02 2.999999999999999889e-02 1.499999999999999944e-01 5.000000000000000000e-01
5.000000000000000000e-01 1.499999999999999944e-01 2.999999999999999889e-02 2.999999999999999889e-02 2.999999999999999889e-02 2.000000000000000042e-02 2.999999999999999889e-02 2.999999999999999889e-02 2.999999999999999889e-02 1.499999999999999944e-01
1.499999999999999944e-01 5.000000000000000000e-01 1.499999999999999944e-01 2.999999999999999889e-02 2.999999999999999889e-02 2.999999999999999889e-02 2.000000000000000042e-02 2.999999999999999889e-02 2.999999999999999889e-02 2.999999999999999889e-02
2.999999999999999889e-02 1.499999999999999944e-01 5.000000000000000000e-01 1.499999999999999944e-01 2.999999999999999889e-02 2.999999999999999889e-02 2.999999999999999889e-02 2.000000000000000042e-02 2.999999999999999889e-02 2.999999999999999889e-02
2.999999999999999889e-02 2.999999999999999889e-02 1.499999999999999944e-01 5.000000000000000000e-01 1.499999999999999944e-01 2.999999999999999889e-02 2.999999999999999889e-02 2.999999999999999889e-02 2.000000000000000042e-02 2.999999999999999889e-02
2.999999999999999889e-02 2.999999999999999889e-02 2.999999999999999889e-02 1.499999999999999944e-01 5.000000000000000000e-01 1.499999999999999944e-01 2.999999999999999889e-02 2.999999999999999889e-02 2.999999999999999889e-02 2.000000000000000042e-02
2.000000000000000042e-02 2.999999999999999889e-02 2.999999999999999889e-02 2.999999999999999889e-02 1.499999999999999944e-01 5.000000000000000000e-01 1.499999999999999944e-01 2.999999999999999889e-02 2.999999999999999889e-02 2.999999999999999889e-02
2.999999999999999889e-02 2.000000000000000042e-02 2.999999999999999889e-02 2.999999999999999889e-02 2.999999999999999889e-02 1.499999999999999944e-01 5.000000000000000000e-01 1.499999999999999944e-01 2.999999999999999889e-02 2.999999999999999889e-02
2.999999999999999889e-02 2.999999999999999889e-02 2.000000000000000042e-02 2.999999999999999889e-02 2.999999999999999889e-02 2.999999999999999889e-02 1.499999999999999944e-01 5.000000000000000000e-01 1.499999999999999944e-01 2.999999999999999889e-02
2.999999999999999889e-02 2.999999999999999889e-02 2.999999999999999889e-02 2.000000000000000042e-02 2.999999999999999889e-02 2.999999999999999889e-02 2.999999999999999889e-02 1.499999999999999944e-01 5.000000000000000000e-01 1.499999999999999944e-01
1.499999999999999944e-01 2.999999999999999889e-02 2.999999999999999889e-02 2.999999999999999889e-02 2.000000000000000042e-02 2.999999999999999889e-02 2.999999999999999889e-02 2.999999999999999889e-02 1.499999999999999944e-01 5.000000000000000000e-01
5.000000000000000000e-01 1.499999999999999944e-01 2.999999999999999889e-02 2.999999999999999889e-02 2.999999999999999889e-02 2.000000000000000042e-02 2.999999999999999889e-02 2.999999999999999889e-02 2.999999999999999889e-02 1.499999999999999944e-01
1.499999999999999944e-01 5.000000000000000000e-01 1.499999999999999944e-01 2.999999999999999889e-02 2.999999999999999889e-02 2.999999999999999889e-02 2.000000000000000042e-02 2.999999999999999889e-02 2.999999999999999889e-02 2.999999999999999889e-02
2.999999999999999889e-02 1.499999999999999944e-01 5.000000000000000000e-01 1.499999999999999944e-01 2.999999999999999889e-02 2.999999999999999889e-02 2.999999999999999889e-02 2.000000000000000042e-02 2.999999999999999889e-02 2.999999999999999889e-02
2.999999999999999889e-02 2.999999999999999889e-02 1.499999999999999944e-01 5.000000000000000000e-01 1.499999999999999944e-01 2.999999999999999889e-02 2.999999999999999889e-02 2.999999999999999889e-02 2.000000000000000042e-02 2.999999999999999889e-02
2.999999999999999889e-02 2.999999999999999889e-02 2.999999999999999889e-02 1.499999999999999944e-01 5.000000000000000000e-01 1.499999999999999944e-01 2.999999999999999889e-02 2.999999999999999889e-02 2.999999999999999889e-02 2.000000000000000042e-02
2.000000000000000042e-02 2.999999999999999889e-02 2.999999999999999889e-02 2.999999999999999889e-02 1.499999999999999944e-01 5.000000000000000000e-01 1.499999999999999944e-01 2.999999999999999889e-02 2.999999999999999889e-02 2.999999999999999889e-02
2.999999999999999889e-02 2.000000000000000042e-02 2.999999999999999889e-02 2.999999999999999889e-02 2.999999999999999889e-02 1.499999999999999944e-01 5.000000000000000000e-01 1.499999999999999944e-01 2.999999999999999889e-02 2.999999999999999889e-02
2.999999999999999889e-02 2.999999999999999889e-02 2.000000000000000042e-02 2.999999999999999889e-02 2.999999999999999889e-02 2.999999999999999889e-02 1.499999999999999944e-01 5.000000000000000000e-01 1.499999999999999944e-01 2.999999999999999889e-02
2.999999999999999889e-02 2.999999999999999889e-02 2.999999999999999889e-02 2.000000000000000042e-02 2.999999999999999889e-02 2.999999999999999889e-02 2.999999999999999889e-02 1.499999999999999944e-01 5.000000000000000000e-01 1.499999999999999944e-01
1.499999999999999944e-01 2.999999999999999889e-02 2.999999999999999889e-02 2.999999999999999889e-02 2.000000000000000042e-02 2.999999999999999889e-02 2.999999999999999889e-02 2.999999999999999889e-02 1.499999999999999944e-01 5.000000000000000000e-01
5.000000000000000000e-01 1.499999999999999944e-01 2.999999999999999889e-02 2.999999999999999889e-02 2.999999999999999889e-02 2.000000000000000042e-02 2.999999999999999889e-02 2.999999999999999889e-02 2.999999999999999889e-02 1.499999999999999944e-01
1.499999999999999944e-01 5.000000000000000000e-01 1.499999999999999944e-01 2.999999999999999889e-02 2.999999999999999889e-02 2.999999999999999889e-02 2.000000000000000042e-02 2.999999999999999889e-02 2.999999999999999889e-02 2.999999999999999889e-02
2.999999999999999889e-02 1.499999999999999944e-01 5.000000000000000000e-01 1.499999999999999944e-01 2.999999999999999889e-02 2.999999999999999889e-02 2.999999999999999889e-02 2.000000000000000042e-02 2.999999999999999889e-02 2.999999999999999889e-02
2.999999999999999889e-02 2.999999999999999889e-02 1.499999999999999944e-01 5.000000000000000000e-01 1.499999999999999944e-01 2.999999999999999889e-02 2.999999999999999889e-02 2.999999999999999889e-02 2.000000000000000042e-02 2.999999999999999889e-02
2.999999999999999889e-02 2.999999999999999889e-02 2.999999999999999889e-02 1.499999999999999944e-01 5.000000000000000000e-01 1.499999999999999944e-01 2.999999999999999889e-02 2.999999999999999889e-02 2.999999999999999889e-02 2.000000000000000042e-02
2.000000000000000042e-02 2.999999999999999889e-02 2.999999999999999889e-02 2.999999999999999889e-02 1.499999999999999944e-01 5.000000000000000000e-01 1.499999999999999944e-01 2.999999999999999889e-02 2.999999999999999889e-02 2.999999999999999889e-02
2.999999999999999889e-02 2.000000000000000042e-02 2.999999999999999889e-02 2.999999999999999889e-02 2.999999999999999889e-02 1.499999999999999944e-01 5.000000000000000000e-01 1.499999999999999944e-01 2.999999999999999889e-02 2.999999999999999889e-02
2.999999999999999889e-02 2.999999999999999889e-02 2.000000000000000042e-02 2.999999999999999889e-02 2.999999999999999889e-02 2.999999999999999889e-02 1.499999999999999944e-01 5.000000000000000000e-01 1.499999999999999944e-01 2.999999999999999889e-02
2.999999999999999889e-02 2.999999999999999889e-02 2.999999999999999889e-02 2.000000000000000042e-02 2.999999999999999889e-02 2.999999999999999889e-02 2.999999999999999889e-02 1.499999999999999944e-01 5.000000000000000000e-01 1.499999999999999944e-01
1.499999999999999944e-01 2.999999999999999889e-02 2.999999999999999889e-02 2.999999999999999889e-02 2.000000000000000042e-02 2.999999999999999889e-02 2.999999999999999889e-02 2.999999999999999889e-02 1.499999999999999944e-01 5.000000000000000000e-01
5.000000000000000000e-01 1.499999999999999944e-01 2.999999999999999889e-02 2.999999999999999889e-02 2.999999999999999889e-02 2.000000000000000042e-02 2.999999999999999889e-02 2.999999999999999889e-02 2.999999999999999889e-02 1.499999999999999944e-01
1.499999999999999944e-01 5.000000000000000000e-01 1.499999999999999944e-01 2.999999999999999889e-02 2.999999999999999889e-02 2.999999999999999889e-02 2.000000000000000042e-02 2.999999999999999889e-02 2.999999999999999889e-02 2.999999999999999889e-02
2.999999999999999889e-02 1.499999999999999944e-01 5.000000000000000000e-01 1.499999999999999944e-01 2.999999999999999889e-02 2.999999999999999889e-02 2.999999999999999889e-02 2.000000000000000042e-02 2.999999999999999889e-02 2.999999999999999889e-02
2.999999999999999889e-02 2.999999999999999889e-02 1.499999999999999944e-01 5.000000000000000000e-01 1.499999999999999944e-01 2.999999999999999889e-02 2.999999999999999889e-02 2.999999999999999889e-02 2.000000000000000042e-02 2.999999999999999889e-02
2.999999999999999889e-02 2.999999999999999889e-02 2.999999999999999889e-02 1.499999999999999944e-01 5.000000000000000000e-01 1.499999999999999944e-01 2.999999999999999889e-02 2.999999999999999889e-02 2.999999999999999889e-02 2.000000000000000042e-02
2.000000000000000042e-02 2.999999999999999889e-02 2.999999999999999889e-02 2.999999999999999889e-02 1.499999999999999944e-01 5.000000000000000000e-01 1.499999999999999944e-01 2.999999999999999889e-02 2.999999999999999889e-02 2.999999999999999889e-02
2.999999999999999889e-02 2.000000000000000042e-02 2.999999999999999889e-02 2.999999999999999889e-02 2.999999999999999889e-02 1.499999999999999944e-01 5.000000000000000000e-01 1.499999999999999944e-01 2.999999999999999889e-02 2.999999999999999889e-02
2.999999999999999889e-02 2.999999999999999889e-02 2.000000000000000042e-02 2.999999999999999889e-02 2.999999999999999889e-02 2.999999999999999889e-02 1.499999999999999944e-01 5.000000000000000000e-01 1.499999999999999944e-01 2.999999999999999889e-02
2.999999999999999889e-02 2.999999999999999889e-02 2.999999999999999889e-02 2.000000000000000042e-02 2.999999999999999889e-02 2.999999999999999889e-02 2.999999999999999889e-02 1.499999999999999944e-01 5.000000000000000000e-01 1.499999999999999944e-01
1.499999999999999944e-01 2.999999999999999889e-02 2.999999999999999889e-02 2.999999999999999889e-02 2.000000000000000042e-02 2.999999999999999889e-02 2.999999999999999889e-02 2.999999999999999889e-02 1.499999999999999944e-01 5.000000000000000000e-01
5.000000000000000000e-01 1.499999999999999944e-01 2.999999999999999889e-02 2.999999999999999889e-02 2.999999999999999889e-02 2.000000000000000042e-02 2.999999999999999889e-02 2.999999999999999889e-02 2.999999999999999889e-02 1.499999999999999944e-01
1.499999999999999944e-01 5.000000000000000000e-01 1.499999999999999944e-01 2.999999999999999889e-02 2.999999999999999889e-02 2.999999999999999889e-02 2.000000000000000042e-02 2.999999999999999889e-02 2.999999999999999889e-02 2.999999999999999889e-02
2.999999999999999889e-02 1.499999999999999944e-01 5.000000000000000000e-01 1.499999999999999944e-01 2.999999999999999889e-02 2.999999999999999889e-02 2.999999999999999889e-02 2.000000000000000042e-02 2.999999999999999889e-02 2.999999999999999889e-02
2.999999999999999889e-02 2.999999999999999889e-02 1.499999999999999944e-01 5.000000000000000000e-01 1.499999999999999944e-01 2.999999999999999889e-02 2.999999999999999889e-02 2.999999999999999889e-02 2.000000000000000042e-02 2.999999999999999889e-02
2.999999999999999889e-02 2.999999999999999889e-02 2.999999999999999889e-02 1.499999999999999944e-01 5.000000000000000000e-01 1.499999999999999944e-01 2.999999999999999889e-02 2.999999999999999889e-02 2.999999999999999889e-02 2.000000000000000042e-02
2.000000000000000042e-02 2.999999999999999889e-02 2.999999999999999889e-02 2.999999999999999889e-02 1.499999999999999944e-01 5.000000000000000000e-01 1.499999999999999944e-01 2.999999999999999889e-02 2.999999999999999889e-02 2.999999999999999889e-02
2.999999999999999889e-02 2.000000000000000042e-02 2.999999999999999889e-02 2.999999999999999889e-02 2.999999999999999889e-02 1.499999999999999944e-01 5.000000000000000000e-01 1.499999999999999944e-01 2.999999999999999889e-02 2.999999999999999889e-02
2.999999999999999889e-02 2.999999999999999889e-02 2.000000000000000042e-02 2.999999999999999889e-02 2.999999999999999889e-02 2.999999999999999889e-02 1.499999999999999944e-01 5.000000000000000000e-01 1.499999999999999944e-01 2.999999999999999889e-02
2.999999999999999889e-02 2.999999999999999889e-02 2.999999999999999889e-02 2.000000000000000042e-02 2.999999999999999889e-02 2.999999999999999889e-02 2.999999999999999889e-02 1.499999999999999944e-01 5.000000000000000000e-01 1.499999999999999944e-01
1.499999999999999944e-01 2.999999999999999889e-02 2.999999999999999889e-02 2.999999999999999889e-02 2.000000000000000042e-02 2.999999999999999889e-02 2.999999999999999889e-02 2.999999999999999889e-02 1.499999999999999944e-01 5.000000000000000000e-01
5.000000000000000000e-01 1.499999999999999944e-01 2.999999999999999889e-02 2.999999999999999889e-02 2.999999999999999889e-02 2.000000000000000042e-02 2.999999999999999889e-02 2.999999999999999889e-02 2.999999999999999889e-02 1.499999999999999944e-01
1.499999999999999944e-01 5.000000000000000000e-01 1.499999999999999944e-01 2.999999999999999889e-02 2.999999999999999889e-02 2.999999999999999889e-02 2.000000000000000042e-02 2.999999999999999889e-02 2.999999999999999889e-02 2.999999999999999889e-02
2.999999999999999889e-02 1.499999999999999944e-01 5.000000000000000000e-01 1.499999999999999944e-01 2.999999999999999889e-02 2.999999999999999889e-02 2.999999999999999889e-02 2.000000000000000042e-02 2.999999999999999889e-02 2.999999999999999889e-02
2.999999999999999889e-02 2.999999999999999889e-02 1.499999999999999944e-01 5.000000000000000000e-01 1.499999999999999944e-01 2.999999999999999889e-02 2.999999999999999889e-02 2.999999999999999889e-02 2.000000000000000042e-02 2.999999999999999889e-02
2.999999999999999889e-02 2.999999999999999889e-02 2.999999999999999889e-02 1.499999999999999944e-01 5.000000000000000000e-01 1.499999999999999944e-01 2.999999999999999889e-02 2.999999999999999889e-02 2.999999999999999889e-02 2.000000000000000042e-02
2.000000000000000042e-02 2.999999999999999889e-02 2.999999999999999889e-02 2.999999999999999889e-02 1.499999999999999944e-01 5.000000000000000000e-01 1.499999999999999944e-01 2.999999999999999889e-02 2.999999999999999889e-02 2.999999999999999889e-02
2.999999999999999889e-02 2.000000000000000042e-02 2.999999999999999889e-02 2.999999999999999889e-02 2.999999999999999889e-02 1.499999999999999944e-01 5.000000000000000000e-01 1.499999999999999944e-01 2.999999999999999889e-02 2.999999999999999889e-02
2.999999999999999889e-02 2.999999999999999889e-02 2.000000000000000042e-02 2.999999999999999889e-02 2.999999999999999889e-02 2.999999999999999889e-02 1.499999999999999944e-01 5.000000000000000000e-01 1.499999999999999944e-01 2.999999999999999889e-02
2.999999999999999889e-02 2.999999999999999889e-02 2.999999999999999889e-02 2.000000000000000042e-02 2.999999999999999889e-02 2.999999999999999889e-02 2.999999999999999889e-02 1.499999999999999944e-01 5.000000000000000000e-01 1.499999999999999944e-01
1.499999999999999944e-01 2.999999999999999889e-02 2.999999999999999889e-02 2.999999999999999889e-02 2.000000000000000042e-02 2.999999999999999889e-02 2.999999999999999889e-02 2.999999999999999889e-02 1.499999999999999944e-01 5.000000000000000000e-01
5.000000000000000000e-01 1.499999999999999944e-01 2.999999999999999889e-02 2.999999999999999889e-02 2.999999999999999889e-02 2.000000000000000042e-02 2.999999999999999889e-02 2.999999999999999889e-02 2.999999999999999889e-02 1.499999999999999944e-01
1.499999999999999944e-01 5.000000000000000000e-01 1.499999999999999944e-01 2.999999999999999889e-02 2.999999999999999889e-02 2.999999999999999889e-02 2.000000000000000042e-02 2.999999999999999889e-02 2.999999999999999889e-02 2.999999999999999889e-02
2.999999999999999889e-02 1.499999999999999944e-01 5.000000000000000000e-01 1.499999999999999944e-01 2.999999999999999889e-02 2.999999999999999889e-02 2.999999999999999889e-02 2.000000000000000042e-02 2.999999999999999889e-02 2.999999999999999889e-02
2.999999999999999889e-02 2.999999999999999889e-02 1.499999999999999944e-01 5.000000000000000000e-01 1.499999999999999944e-01 2.999999999999999889e-02 2.999999999999999889e-02 2.999999999999999889e-02 2.000000000000000042e-02 2.999999999999999889e-02
2.999999999999999889e-02 2.999999999999999889e-02 2.999999999999999889e-02 1.499999999999999944e-01 5.000000000000000000e-01 1.499999999999999944e-01 2.999999999999999889e-02 2.999999999999999889e-02 2.999999999999999889e-02 2.000000000000000042e-02
2.000000000000000042e-02 2.999999999999999889e-02 2.999999999999999889e-02 2.999999999999999889e-02 1.499999999999999944e-01 5.000000000000000000e-01 1.499999999999999944e-01 2.999999999999999889e-02 2.999999999999999889e-02 2.999999999999999889e-02
2.999999999999999889e-02 2.000000000000000042e-02 2.999999999999999889e-02 2.999999999999999889e-02 2.999999999999999889e-02 1.499999999999999944e-01 5.000000000000000000e-01 1.499999999999999944e-01 2.999999999999999889e-02 2.999999999999999889e-02
2.999999999999999889e-02 2.999999999999999889e-02 2.000000000000000042e-02 2.999999999999999889e-02 2.999999999999999889e-02 2.999999999999999889e-02 1.499999999999999944e-01 5.000000000000000000e-01 1.499999999999999944e-01 2.999999999999999889e-02
2.999999999999999889e-02 2.999999999999999889e-02 2.999999999999999889e-02 2.000000000000000042e-02 2.999999999999999889e-02 2.999999999999999889e-02 2.999999999999999889e-02 1.499999999999999944e-01 5.000000000000000000e-01 1.499999999999999944e-01
1.499999999999999944e-01 2.999999999999999889e-02 2.999999999999999889e-02 2.999999999999999889e-02 2.000000000000000042e-02 2.999999999999999889e-02 2.999999999999999889e-02 2.999999999999999889e-02 1.499999999999999944e-01 5.000000000000000000e-01
5.000000000000000000e-01 1.499999999999999944e-01 2.999999999999999889e-02 2.999999999999999889e-02 2.999999999999999889e-02 2.000000000000000042e-02 2.999999999999999889e-02 2.999999999999999889e-02 2.999999999999999889e-02 1.499999999999999944e-01
1.499999999999999944e-01 5.000000000000000000e-01 1.499999999999999944e-01 2.999999999999999889e-02 2.999999999999999889e-02 2.999999999999999889e-02 2.000000000000000042e-02 2.999999999999999889e-02 2.999999999999999889e-02 2.999999999999999889e-02
2.999999999999999889e-02 1.499999999999999944e-01 5.000000000000000000e-01 1.499999999999999944e-01 2.999999999999999889e-02 2.999999999999999889e-02 2.999999999999999889e-02 2.000000000000000042e-02 2.999999999999999889e-02 2.999999999999999889e-02
2.999999999999999889e-02 2.999999999999999889e-02 1.499999999999999944e-01 5.000000000000000000e-01 1.499999999999999944e-01 2.999999999999999889e-02 2.999999999999999889e-02 2.999999999999999889e-02 2.000000000000000042e-02 2.999999999999999889e-02
2.999999999999999889e-02 2.999999999999999889e-02 2.999999999999999889e-02 1.499999999999999944e-01 5.000000000000000000e-01 1.499999999999999944e-01 2.999999999999999889e-02 2.999999999999999889e-02 2.999999999999999889e-02 2.000000000000000042e-02
2.000000000000000042e-02 2.999999999999999889e-02 2.999999999999999889e-02 2.999999999999999889e-02 1.499999999999999944e-01 5.000000000000000000e-01 1.499999999999999944e-01 2.999999999999999889e-02 2.999999999999999889e-02 2.999999999999999889e-02
2.999999999999999889e-02 2.000000000000000042e-02 2.999999999999999889e-02 2.999999999999999889e-02 2.999999999999999889e-02 1.499999999999999944e-01 5.000000000000000000e-01 1.499999999999999944e-01 2.999999999999999889e-02 2.999999999999999889e-02
2.999999999999999889e-02 2.999999999999999889e-02 2.000000000000000042e-02 2.999999999999999889e-02 2.999999999999999889e-02 2.999999999999999889e-02 1.499999999999999944e-01 5.000000000000000000e-01 1.499999999999999944e-01 2.999999999999999889e-02
2.999999999999999889e-02 2.999999999999999889e-02 2.999999999999999889e-02 2.000000000000000042e-02 2.999999999999999889e-02 2.999999999999999889e-02 2.999999999999999889e-02 1.499999999999999944e-01 5.000000000000000000e-01 1.499999999999999944e-01
1.499999999999999944e-01 2.999999999999999889e-02 2.999999999999999889e-02 2.999999999999999889e-02 2.000000000000000042e-02 2.999999999999999889e-02 2.999999999999999889e-02 2.999999999999999889e-02 1.499999999999999944e-01 5.000000000000000000e-01
